0 0.611719 0.173958 0.279687 0.343750
1 0.370312 0.309375 0.218750 0.202083
1 0.413281 0.067708 0.170313 0.131250
1 0.937500 0.267708 0.121875 0.227083
1 0.281250 0.157292 0.156250 0.206250
1 0.185938 0.485417 0.140625 0.183333
1 0.545312 0.429167 0.140625 0.183333
1 0.637500 0.431250 0.140625 0.183333
1 0.710938 0.408333 0.140625 0.183333
1 0.742188 0.364583 0.140625 0.183333
1 0.825000 0.318750 0.140625 0.183333
1 0.915625 0.666667 0.140625 0.183333
1 0.946875 0.487500 0.106250 0.220833
1 0.516406 0.941667 0.139063 0.116667
1 0.569531 0.588542 0.176563 0.177083
1 0.364844 0.800000 0.139063 0.162500
1 0.070312 0.576042 0.137500 0.264583
1 0.194531 0.803125 0.179688 0.256250
1 0.115625 0.221875 0.178125 0.256250
1 0.105469 0.090625 0.145313 0.177083
1 0.450000 0.485417 0.140625 0.183333
1 0.446875 0.631250 0.140625 0.183333