0 0.307812 0.532292 0.253125 0.264583
1 0.168750 0.222917 0.134375 0.270833
1 0.442188 0.685417 0.146875 0.200000
1 0.628125 0.758333 0.146875 0.200000
1 0.925000 0.520833 0.146875 0.262500
1 0.925781 0.300000 0.148438 0.262500
1 0.939063 0.106250 0.121875 0.208333
1 0.321094 0.088542 0.170313 0.172917
1 0.503125 0.081250 0.231250 0.158333
1 0.558594 0.397917 0.170313 0.175000
1 0.277344 0.888542 0.257812 0.206250
2 0.665625 0.410417 0.078125 0.075000
2 0.024219 0.628125 0.045312 0.081250
1 0.777344 0.595833 0.173437 0.266667
1 0.715625 0.820833 0.146875 0.200000
1 0.801562 0.900000 0.156250 0.200000