0 0.322656 0.469792 0.304688 0.443750
1 0.638281 0.500000 0.139063 0.162500
1 0.719531 0.429167 0.139063 0.162500
1 0.786719 0.312500 0.139063 0.162500
1 0.791406 0.397917 0.139063 0.204167
1 0.844531 0.419792 0.110937 0.160417
1 0.827344 0.590625 0.167187 0.202083
1 0.102344 0.734375 0.160938 0.235417
1 0.416406 0.125000 0.145313 0.216667
1 0.607031 0.208333 0.145313 0.216667
1 0.586719 0.264583 0.182812 0.220833
1 0.476562 0.260417 0.146875 0.191667
1 0.704688 0.713542 0.146875 0.214583
1 0.384375 0.809375 0.146875 0.214583
1 0.231250 0.884375 0.196875 0.218750
1 0.246875 0.122917 0.168750 0.241667
2 0.161719 0.363542 0.057813 0.089583
1 0.481250 0.936458 0.143750 0.127083
1 0.074219 0.267708 0.145313 0.214583