1 0.268750 0.342708 0.178125 0.235417
1 0.151562 0.168750 0.156250 0.233333
1 0.407031 0.255208 0.107813 0.210417
1 0.406250 0.483333 0.175000 0.229167
1 0.376563 0.690625 0.153125 0.206250
1 0.555469 0.623958 0.173437 0.218750
1 0.888281 0.857292 0.201563 0.243750
1 0.114844 0.587500 0.157812 0.216667
1 0.163281 0.738542 0.192188 0.260417
1 0.573438 0.394792 0.165625 0.210417
1 0.814844 0.182292 0.207813 0.177083
1 0.571875 0.090625 0.178125 0.177083
1 0.421875 0.085417 0.146875 0.166667
1 0.671875 0.875000 0.184375 0.250000
2 0.254688 0.709375 0.050000 0.060417
2 0.346094 0.869792 0.067187 0.085417
0 0.779687 0.501042 0.375000 0.539583