1 0.229687 0.683333 0.159375 0.204167
1 0.310156 0.113542 0.173437 0.222917
1 0.463281 0.088542 0.173437 0.172917
1 0.670312 0.081250 0.178125 0.158333
1 0.097656 0.428125 0.148438 0.177083
1 0.642969 0.725000 0.154688 0.208333
1 0.492969 0.770833 0.154688 0.208333
1 0.110937 0.910417 0.137500 0.179167
1 0.378906 0.464583 0.204687 0.262500
1 0.595313 0.911458 0.153125 0.177083
1 0.703125 0.911458 0.153125 0.177083
1 0.757812 0.557292 0.153125 0.177083
1 0.875000 0.073958 0.212500 0.143750
0 0.561719 0.339583 0.360938 0.350000
2 0.217969 0.067708 0.054688 0.081250