0 0.177344 0.677083 0.282813 0.400000
0 0.585156 0.753125 0.423438 0.452083
1 0.340625 0.565625 0.159375 0.247917
1 0.186719 0.396875 0.157812 0.218750
1 0.132031 0.265625 0.129688 0.181250
1 0.494531 0.436458 0.129688 0.181250
1 0.550781 0.463542 0.129688 0.181250
1 0.482031 0.234375 0.129688 0.181250
1 0.544531 0.246875 0.129688 0.181250
1 0.594531 0.257292 0.129688 0.181250
1 0.785937 0.071875 0.146875 0.139583
1 0.580469 0.072917 0.179688 0.141667
1 0.398438 0.045833 0.171875 0.087500
1 0.090625 0.083333 0.131250 0.162500
1 0.737500 0.276042 0.206250 0.218750
1 0.937500 0.605208 0.125000 0.227083
1 0.946094 0.452083 0.107813 0.179167
1 0.942187 0.245833 0.115625 0.175000