1 0.756250 0.148958 0.146875 0.177083
1 0.517969 0.221875 0.164062 0.202083
1 0.289062 0.286458 0.162500 0.172917
1 0.097656 0.269792 0.123438 0.260417
1 0.852344 0.439583 0.179688 0.266667
1 0.536719 0.430208 0.164062 0.202083
1 0.425000 0.438542 0.143750 0.202083
1 0.505469 0.767708 0.164062 0.202083
1 0.588281 0.641667 0.179688 0.208333
1 0.691406 0.547917 0.179688 0.208333
1 0.872656 0.731250 0.179688 0.208333
1 0.258594 0.457292 0.151562 0.189583
1 0.189844 0.478125 0.151562 0.189583
1 0.255469 0.667708 0.182812 0.197917
1 0.383594 0.865625 0.182812 0.197917
1 0.360938 0.101042 0.225000 0.197917
1 0.725000 0.742708 0.146875 0.177083
1 0.704688 0.848958 0.146875 0.177083
0 0.188281 0.900000 0.307812 0.200000