1 0.610938 0.632292 0.215625 0.222917
1 0.093750 0.600000 0.184375 0.225000
1 0.131250 0.339583 0.181250 0.237500
1 0.092188 0.097917 0.171875 0.191667
1 0.326562 0.313542 0.171875 0.193750
1 0.288281 0.521875 0.164062 0.193750
1 0.487500 0.419792 0.137500 0.268750
1 0.514062 0.889583 0.162500 0.208333
1 0.219531 0.823958 0.195312 0.227083
1 0.919531 0.538542 0.160938 0.235417
1 0.919531 0.316667 0.160938 0.233333
1 0.741406 0.764583 0.160938 0.233333
1 0.421094 0.668750 0.160938 0.233333
1 0.878125 0.063542 0.193750 0.122917
0 0.399219 0.132292 0.354687 0.260417