1 0.700781 0.233333 0.151562 0.266667
1 0.891406 0.501042 0.157812 0.218750
1 0.817969 0.092708 0.167187 0.181250
1 0.301563 0.472917 0.168750 0.200000
1 0.388281 0.843750 0.170313 0.237500
1 0.617188 0.850000 0.159375 0.191667
1 0.293750 0.662500 0.168750 0.200000
1 0.242969 0.877083 0.173437 0.241667
1 0.480469 0.318750 0.173437 0.154167
1 0.416406 0.120833 0.101562 0.237500
1 0.871875 0.260417 0.143750 0.187500
1 0.780469 0.831250 0.148438 0.204167
1 0.072656 0.611458 0.142187 0.218750
0 0.485156 0.596875 0.339062 0.439583