0 0.350000 0.636458 0.212500 0.239583
2 0.258594 0.470833 0.079687 0.100000
1 0.847656 0.288542 0.176563 0.239583
1 0.726562 0.646875 0.131250 0.189583
1 0.933594 0.817708 0.129688 0.189583
1 0.674219 0.776042 0.198437 0.239583
1 0.507031 0.811458 0.198437 0.239583
1 0.663281 0.452083 0.173437 0.191667
1 0.674219 0.216667 0.167187 0.250000
1 0.357812 0.328125 0.153125 0.222917
1 0.167187 0.407292 0.153125 0.222917
1 0.068750 0.407292 0.134375 0.297917
1 0.512500 0.603125 0.153125 0.222917
1 0.517188 0.376042 0.153125 0.222917
1 0.486719 0.120833 0.204687 0.237500
1 0.317969 0.082292 0.157812 0.160417
1 0.817969 0.113542 0.220312 0.222917
1 0.053906 0.616667 0.104688 0.229167
1 0.140625 0.113542 0.153125 0.222917