1 0.453906 0.647917 0.160938 0.191667
1 0.342969 0.096875 0.160938 0.189583
1 0.667188 0.326042 0.162500 0.227083
1 0.874219 0.364583 0.192188 0.254167
1 0.395313 0.296875 0.175000 0.210417
1 0.089844 0.261458 0.170313 0.206250
1 0.635156 0.556250 0.157812 0.237500
1 0.210938 0.468750 0.178125 0.258333
1 0.821094 0.783333 0.179688 0.245833
1 0.246094 0.904167 0.160938 0.191667
2 0.270313 0.721875 0.084375 0.089583
2 0.372656 0.559375 0.067187 0.089583
2 0.566406 0.672917 0.070312 0.095833
0 0.592969 0.867708 0.248438 0.264583