1 0.427344 0.275000 0.185938 0.212500
1 0.589844 0.215625 0.142187 0.197917
1 0.611719 0.426042 0.142187 0.197917
1 0.719531 0.601042 0.142187 0.197917
1 0.335938 0.335417 0.125000 0.166667
1 0.777344 0.908333 0.154688 0.183333
1 0.491406 0.904167 0.179688 0.191667
1 0.099219 0.904167 0.179688 0.191667
1 0.861719 0.209375 0.179688 0.206250
1 0.689844 0.084375 0.207813 0.164583
1 0.928906 0.814583 0.142187 0.212500
1 0.946094 0.556250 0.107813 0.275000
1 0.150000 0.303125 0.178125 0.256250
1 0.123438 0.707292 0.178125 0.256250
0 0.276562 0.622917 0.200000 0.279167
2 0.493750 0.445833 0.068750 0.083333
2 0.410938 0.579167 0.068750 0.083333
1 0.802344 0.580208 0.101562 0.177083