0 0.480469 0.587500 0.223438 0.295833
1 0.325000 0.389583 0.156250 0.195833
1 0.214844 0.801042 0.185938 0.210417
1 0.057031 0.394792 0.110937 0.218750
1 0.144531 0.289583 0.185938 0.208333
1 0.175781 0.135417 0.185938 0.208333
1 0.579688 0.097917 0.109375 0.191667
1 0.561719 0.261458 0.195312 0.197917
1 0.450000 0.278125 0.200000 0.239583
1 0.428906 0.895833 0.185938 0.208333
1 0.627344 0.725000 0.142187 0.187500
1 0.685156 0.541667 0.142187 0.187500
1 0.775781 0.922917 0.151562 0.154167
1 0.769531 0.107292 0.192188 0.210417
2 0.599219 0.851042 0.067187 0.081250
2 0.397656 0.748958 0.067187 0.081250
1 0.915625 0.716667 0.137500 0.229167
1 0.952344 0.382292 0.095312 0.218750
1 0.892969 0.256250 0.145313 0.220833