1 0.600000 0.259375 0.140625 0.172917
1 0.513281 0.178125 0.142187 0.181250
1 0.521875 0.487500 0.153125 0.220833
1 0.368750 0.548958 0.153125 0.193750
1 0.713281 0.467708 0.173437 0.227083
1 0.863281 0.578125 0.176563 0.243750
1 0.764062 0.662500 0.159375 0.237500
1 0.907813 0.325000 0.159375 0.237500
1 0.176563 0.570833 0.159375 0.237500
1 0.060937 0.437500 0.118750 0.233333
1 0.337500 0.322917 0.175000 0.233333
1 0.619531 0.061458 0.164062 0.118750
1 0.788281 0.061458 0.164062 0.118750
1 0.360156 0.946875 0.142187 0.106250
0 0.533594 0.775000 0.295312 0.320833
2 0.020313 0.128125 0.037500 0.085417