1 0.265625 0.567708 0.187500 0.247917
1 0.448437 0.585417 0.178125 0.225000
1 0.364063 0.106250 0.150000 0.208333
1 0.183594 0.319792 0.195312 0.243750
1 0.132031 0.422917 0.151562 0.220833
1 0.111719 0.820833 0.160938 0.250000
1 0.630469 0.575000 0.160938 0.200000
1 0.805469 0.507292 0.182812 0.235417
1 0.655469 0.805208 0.182812 0.235417
1 0.291406 0.857292 0.182812 0.235417
1 0.942187 0.687500 0.115625 0.233333
1 0.789062 0.630208 0.187500 0.206250
1 0.575781 0.775000 0.185938 0.187500
1 0.741406 0.094792 0.185938 0.185417
0 0.566406 0.290625 0.326562 0.439583