1 0.503906 0.109375 0.170313 0.197917
1 0.832031 0.305208 0.170313 0.197917
1 0.266406 0.901042 0.170313 0.197917
1 0.584375 0.356250 0.203125 0.229167
1 0.680469 0.218750 0.167187 0.183333
1 0.641406 0.092708 0.176563 0.181250
1 0.360156 0.257292 0.170313 0.197917
1 0.336719 0.381250 0.160938 0.233333
1 0.765625 0.734375 0.184375 0.239583
1 0.733594 0.927083 0.170313 0.145833
1 0.567969 0.919792 0.198437 0.160417
1 0.943750 0.455208 0.112500 0.210417
1 0.133594 0.806250 0.142187 0.195833
1 0.177344 0.454167 0.160938 0.279167
2 0.434375 0.862500 0.053125 0.083333
0 0.542969 0.633333 0.326562 0.400000