1 0.707031 0.245833 0.154688 0.208333
1 0.299219 0.525000 0.167187 0.212500
1 0.514062 0.317708 0.128125 0.197917
1 0.582031 0.453125 0.164062 0.252083
1 0.414844 0.190625 0.135937 0.214583
1 0.738281 0.622917 0.198437 0.229167
1 0.863281 0.331250 0.198437 0.250000
1 0.158594 0.406250 0.207813 0.162500
1 0.103906 0.858333 0.157812 0.195833
1 0.122656 0.090625 0.132812 0.177083
1 0.293750 0.212500 0.156250 0.237500
1 0.586719 0.083333 0.176563 0.162500
1 0.942187 0.844792 0.115625 0.239583
0 0.438281 0.785417 0.370312 0.429167