1 0.723437 0.223958 0.175000 0.210417
1 0.538281 0.234375 0.129688 0.210417
1 0.483594 0.917708 0.148438 0.164583
1 0.443750 0.500000 0.140625 0.220833
1 0.417969 0.211458 0.117188 0.189583
1 0.837500 0.647917 0.156250 0.233333
1 0.772656 0.829167 0.145313 0.179167
1 0.916406 0.919792 0.154688 0.160417
1 0.696094 0.946875 0.154688 0.106250
1 0.564844 0.700000 0.145313 0.179167
1 0.650000 0.644792 0.150000 0.214583
1 0.082031 0.898958 0.151562 0.202083
1 0.052344 0.666667 0.101562 0.241667
0 0.273438 0.764583 0.350000 0.416667
2 0.738281 0.346875 0.064062 0.081250
2 0.942969 0.570833 0.076563 0.083333