1 0.095312 0.196875 0.156250 0.214583
1 0.084375 0.478125 0.165625 0.264583
1 0.220312 0.783333 0.150000 0.204167
1 0.259375 0.481250 0.181250 0.229167
1 0.435937 0.200000 0.181250 0.229167
1 0.615625 0.892708 0.143750 0.214583
1 0.345313 0.892708 0.156250 0.214583
1 0.606250 0.413542 0.184375 0.214583
1 0.778906 0.158333 0.123438 0.195833
1 0.876563 0.415625 0.165625 0.214583
1 0.925000 0.181250 0.143750 0.191667
1 0.617969 0.643750 0.182812 0.245833
1 0.487500 0.382292 0.156250 0.202083
2 0.497656 0.556250 0.070312 0.100000
0 0.854688 0.755208 0.290625 0.393750