0 0.610156 0.134375 0.251563 0.264583
1 0.219531 0.307292 0.160938 0.243750
1 0.494531 0.359375 0.160938 0.243750
1 0.389062 0.514583 0.143750 0.295833
1 0.244531 0.521875 0.148438 0.231250
1 0.685156 0.359375 0.148438 0.231250
1 0.661719 0.636458 0.148438 0.231250
1 0.572656 0.868750 0.164062 0.250000
1 0.130469 0.767708 0.182812 0.247917
1 0.860156 0.102083 0.167187 0.200000
1 0.951562 0.408333 0.096875 0.216667
1 0.945312 0.668750 0.109375 0.287500
1 0.845313 0.783333 0.146875 0.212500
1 0.715625 0.823958 0.184375 0.256250
1 0.095312 0.602083 0.131250 0.229167
1 0.836719 0.530208 0.160938 0.243750