1 0.850781 0.337500 0.179688 0.233333
1 0.847656 0.568750 0.179688 0.233333
1 0.084375 0.790625 0.165625 0.235417
1 0.778125 0.768750 0.159375 0.195833
1 0.437500 0.214583 0.159375 0.195833
1 0.060937 0.068750 0.118750 0.133333
1 0.584375 0.648958 0.159375 0.160417
1 0.301563 0.630208 0.159375 0.160417
1 0.425000 0.388542 0.159375 0.160417
1 0.610938 0.081250 0.159375 0.158333
1 0.369531 0.825000 0.160938 0.183333
1 0.199219 0.306250 0.160938 0.183333
1 0.707031 0.333333 0.167187 0.220833
1 0.656250 0.868750 0.184375 0.216667
1 0.413281 0.660417 0.117188 0.150000
0 0.095312 0.536458 0.187500 0.243750
2 0.851562 0.648958 0.040625 0.056250