1 0.639062 0.330208 0.156250 0.239583
1 0.705469 0.862500 0.179688 0.204167
1 0.757812 0.479167 0.187500 0.241667
1 0.807813 0.689583 0.181250 0.170833
1 0.164844 0.906250 0.151562 0.187500
1 0.076563 0.586458 0.150000 0.202083
1 0.076563 0.365625 0.150000 0.202083
1 0.520312 0.160417 0.193750 0.233333
1 0.372656 0.343750 0.167187 0.229167
1 0.217969 0.297917 0.167187 0.229167
1 0.258594 0.183333 0.167187 0.229167
1 0.940625 0.466667 0.118750 0.208333
1 0.228906 0.541667 0.148438 0.200000
0 0.453125 0.592708 0.346875 0.460417