0 0.317969 0.572917 0.270313 0.354167
2 0.171875 0.421875 0.065625 0.077083
2 0.134375 0.461458 0.065625 0.077083
2 0.550781 0.032292 0.060937 0.060417
1 0.219531 0.850000 0.192188 0.212500
1 0.871094 0.119792 0.195312 0.235417
1 0.647656 0.822917 0.192188 0.283333
1 0.792188 0.741667 0.181250 0.154167
1 0.542188 0.310417 0.175000 0.187500
1 0.417187 0.252083 0.175000 0.187500
1 0.410938 0.822917 0.175000 0.187500
1 0.487500 0.730208 0.184375 0.218750
1 0.925781 0.883333 0.145313 0.233333
1 0.858594 0.572917 0.210938 0.216667
1 0.876563 0.422917 0.181250 0.179167
1 0.673438 0.392708 0.181250 0.193750
1 0.267969 0.351042 0.198437 0.197917
1 0.124219 0.221875 0.198437 0.197917