1 0.557813 0.158333 0.184375 0.225000
1 0.609375 0.758333 0.184375 0.225000
1 0.476562 0.396875 0.131250 0.168750
1 0.394531 0.110417 0.151562 0.216667
1 0.082031 0.277083 0.129688 0.183333
1 0.230469 0.525000 0.129688 0.183333
1 0.080469 0.754167 0.129688 0.183333
1 0.888281 0.350000 0.129688 0.183333
1 0.911719 0.657292 0.173437 0.231250
1 0.765625 0.883333 0.193750 0.233333
1 0.139063 0.398958 0.140625 0.177083
1 0.232813 0.168750 0.146875 0.170833
2 0.576562 0.467708 0.068750 0.077083
0 0.364063 0.746875 0.237500 0.318750