1 0.346094 0.506250 0.151562 0.204167
1 0.636719 0.547917 0.151562 0.204167
1 0.724219 0.581250 0.151562 0.204167
1 0.653906 0.816667 0.170313 0.233333
1 0.460156 0.668750 0.170313 0.233333
1 0.329688 0.867708 0.162500 0.202083
1 0.170313 0.920833 0.184375 0.145833
1 0.290625 0.168750 0.196875 0.275000
1 0.076563 0.693750 0.150000 0.204167
1 0.875781 0.450000 0.151562 0.204167
1 0.571875 0.912500 0.137500 0.175000
1 0.162500 0.568750 0.162500 0.179167
1 0.097656 0.361458 0.167187 0.193750
1 0.133594 0.076042 0.167187 0.147917
0 0.480469 0.291667 0.260937 0.275000