1 0.095312 0.758333 0.153125 0.195833
1 0.055469 0.535417 0.107813 0.275000
1 0.574219 0.373958 0.195312 0.235417
1 0.692187 0.629167 0.159375 0.225000
1 0.346875 0.730208 0.156250 0.243750
1 0.906250 0.497917 0.187500 0.229167
1 0.572656 0.090625 0.164062 0.177083
1 0.221094 0.277083 0.207813 0.204167
1 0.178125 0.445833 0.196875 0.270833
1 0.529687 0.753125 0.196875 0.210417
1 0.362500 0.081250 0.193750 0.158333
2 0.350781 0.917708 0.060937 0.093750
2 0.453125 0.171875 0.059375 0.085417
0 0.747656 0.172917 0.245312 0.316667