1 0.378125 0.884375 0.156250 0.202083
1 0.562500 0.775000 0.184375 0.216667
1 0.736719 0.657292 0.120313 0.177083
1 0.751563 0.856250 0.146875 0.179167
1 0.844531 0.869792 0.104688 0.152083
1 0.932813 0.727083 0.134375 0.216667
1 0.253906 0.459375 0.148438 0.227083
1 0.088281 0.801042 0.148438 0.227083
1 0.112500 0.635417 0.153125 0.212500
1 0.283594 0.671875 0.164062 0.197917
1 0.220312 0.783333 0.140625 0.162500
1 0.338281 0.342708 0.148438 0.227083
1 0.582812 0.113542 0.165625 0.222917
1 0.902344 0.220833 0.145313 0.241667
1 0.220312 0.166667 0.193750 0.225000
0 0.583594 0.453125 0.310937 0.485417