1 0.428906 0.580208 0.154688 0.189583
1 0.816406 0.545833 0.123438 0.166667
1 0.644531 0.487500 0.170313 0.220833
1 0.608594 0.879167 0.170313 0.220833
1 0.430469 0.843750 0.170313 0.220833
1 0.676562 0.684375 0.171875 0.206250
1 0.729688 0.163542 0.137500 0.193750
1 0.893750 0.701042 0.178125 0.197917
1 0.117969 0.254167 0.167187 0.204167
1 0.272656 0.251042 0.154688 0.189583
1 0.430469 0.147917 0.160938 0.220833
1 0.588281 0.273958 0.157812 0.243750
1 0.932813 0.213542 0.134375 0.260417
1 0.300781 0.068750 0.154688 0.133333
0 0.171875 0.648958 0.340625 0.460417