1 0.709375 0.308333 0.215625 0.208333
1 0.689844 0.441667 0.179688 0.200000
1 0.253906 0.356250 0.192188 0.212500
1 0.284375 0.819792 0.162500 0.206250
1 0.324219 0.896875 0.145313 0.206250
1 0.107031 0.595833 0.170313 0.241667
1 0.563281 0.731250 0.170313 0.241667
1 0.908594 0.337500 0.157812 0.245833
1 0.847656 0.604167 0.157812 0.237500
1 0.647656 0.662500 0.157812 0.237500
1 0.491406 0.243750 0.157812 0.237500
1 0.482812 0.489583 0.187500 0.254167
0 0.664062 0.111458 0.443750 0.218750
1 0.242969 0.103125 0.145313 0.202083
1 0.283594 0.239583 0.145313 0.204167
1 0.835938 0.889583 0.171875 0.220833