1 0.205469 0.725000 0.139063 0.200000
1 0.558594 0.482292 0.182812 0.214583
1 0.932031 0.573958 0.135937 0.193750
1 0.876563 0.403125 0.162500 0.214583
1 0.862500 0.106250 0.165625 0.208333
1 0.790625 0.234375 0.165625 0.210417
1 0.917188 0.226042 0.165625 0.210417
1 0.728906 0.605208 0.182812 0.214583
1 0.583594 0.885417 0.139063 0.195833
1 0.839844 0.914583 0.145313 0.170833
1 0.707031 0.914583 0.145313 0.170833
1 0.082031 0.914583 0.145313 0.170833
1 0.302344 0.158333 0.129688 0.220833
0 0.106250 0.170833 0.193750 0.300000
2 0.553906 0.114583 0.073438 0.083333