1 0.590625 0.321875 0.146875 0.185417
1 0.419531 0.782292 0.176563 0.239583
1 0.312500 0.240625 0.193750 0.256250
1 0.219531 0.107292 0.123438 0.147917
1 0.512500 0.141667 0.162500 0.225000
1 0.764062 0.296875 0.140625 0.193750
1 0.914844 0.754167 0.170313 0.220833
1 0.936719 0.544792 0.126562 0.206250
1 0.796094 0.573958 0.145313 0.197917
1 0.920312 0.321875 0.156250 0.197917
1 0.804688 0.939583 0.156250 0.120833
1 0.775000 0.762500 0.159375 0.204167
1 0.078125 0.448958 0.153125 0.239583
1 0.532813 0.429167 0.159375 0.216667
0 0.202344 0.606250 0.351562 0.445833
2 0.414844 0.290625 0.064062 0.077083