0 0.112500 0.545833 0.221875 0.295833
1 0.275781 0.644792 0.167187 0.252083
1 0.295312 0.345833 0.125000 0.220833
1 0.371875 0.354167 0.125000 0.220833
1 0.358594 0.210417 0.107813 0.179167
1 0.526563 0.673958 0.143750 0.222917
1 0.588281 0.918750 0.164062 0.162500
1 0.642969 0.918750 0.164062 0.162500
1 0.661719 0.603125 0.151562 0.210417
1 0.789844 0.503125 0.151562 0.210417
1 0.557813 0.469792 0.181250 0.214583
1 0.792188 0.903125 0.153125 0.193750
1 0.059375 0.778125 0.115625 0.214583
1 0.053125 0.264583 0.103125 0.266667
1 0.566406 0.085417 0.204687 0.166667
1 0.857031 0.601042 0.151562 0.210417
1 0.833594 0.690625 0.151562 0.210417
1 0.814844 0.809375 0.151562 0.210417
1 0.946875 0.844792 0.106250 0.206250
1 0.910156 0.161458 0.179688 0.293750
1 0.783594 0.202083 0.176563 0.258333
2 0.575000 0.237500 0.065625 0.095833
2 0.665625 0.227083 0.065625 0.095833
2 0.503125 0.095833 0.065625 0.095833
1 0.532813 0.366667 0.171875 0.220833